0 0
1.13 0.0549335
2.26 0.106849
3.39 0.155913
4.52 0.202282
5.65 0.246103
6.78 0.287518
7.91 0.326657
9.04 0.363646
10.17 0.398603
11.3 0.43164
12.43 0.462862
13.56 0.492369
14.69 0.520255
15.82 0.546609
16.95 0.571515
18.08 0.595053
19.21 0.617299
20.34 0.638322
21.47 0.65819
22.6 0.676967
23.73 0.694712
24.86 0.711483
25.99 0.727332
27.12 0.742311
28.25 0.756466
29.38 0.769844
30.51 0.782488
31.64 0.794436
32.77 0.805729
33.9 0.816401
35.03 0.826487
36.16 0.836018
37.29 0.845026
38.42 0.85354
39.55 0.861585
40.68 0.869189
41.81 0.876375
42.94 0.883166
44.07 0.889584
45.2 0.89565
46.33 0.901382
47.46 0.906799
48.59 0.911919
49.72 0.916758
50.85 0.921331
51.98 0.925652
53.11 0.929736
54.24 0.933596
55.37 0.937244
56.5 0.940691
57.63 0.943949
58.76 0.947028
59.89 0.949938
61.02 0.950213
62.15 0.950213
63.28 0.950213
64.41 0.950213
65.54 0.950213
66.67 0.950213
67.8 0.950213
68.93 0.950213
70.06 0.950213
71.19 0.950213
72.32 0.950213
73.45 0.950213
74.58 0.950213
75.71 0.950213
76.84 0.950213
77.97 0.950213
79.1 0.950213
80.23 0.950213
81.36 0.950213
82.49 0.950213
83.62 0.950213
84.75 0.950213
85.88 0.950213
87.01 0.950213
88.14 0.950213
89.27 0.950213
90.4 0.950213
91.53 0.950213
92.66 0.950213
93.79 0.950213
94.92 0.950213
96.05 0.950213
97.18 0.950213
98.31 0.950213
99.44 0.950213
100.57 0.950213
101.7 0.950213
102.83 0.950213
103.96 0.950213
105.09 0.950213
106.22 0.950213
107.35 0.950213
108.48 0.950213
109.61 0.950213
110.74 0.45336
111.87 0.14645
